$ANSIBLE_VAULT;1.1;AES256
33336235616531623137333835616264636462643163643863303063313665613637656565303063
3431656139393034616236313334383662306637383336650a346134313534316538613538343037
63313538643164326263386464376332346462326634393438313435626666373335393631326234
6335613265393636330a663130323731653331366330363133356139363264636666363335313766
34633937663239376561633530626161333037666331383531623735393334353561326438383130
34613237313063363535613731653735356262333739393262393931636538333965343131313032
64366230623132343334653831396634343163383032316534616166383736653164303030636464
37346137313033306235373931656264373732653930386562623365643565633964323433383562
36303563316563323339623864353332303463643539323032383465336462303562323336346337
62393635633631383764656232623565373262656364343964356435313733623665313364336530
33353136646134343866666165376335323964626661623034633466353662643861326466663463
64356164393762333334366333333662336538663263653036666439393465383334626231636464
31333039646164616431386232363039343336303463636162353962643464326337373662386165
31343065653566396465333631323532373966656563313766383737636666626335633831636262
34663961313662636361346263653438346339333038626530613136613663633532663930316234
36323832383764393066313231313361346439353034626638363736313130643061383534616433
36313662653565383665643337316265373632313536363838666134313139343832396661633664
30353162656337373832383136353338633563393733336538323337333534656130376135636537
62336463613530643631656661653663346265666336343834356432373962643537313833353463
30373334366362616361333037336135363032323834303134636664383735326333353332666636
33643630653930323339383565363133656461343034646165393666633066316265363464633339
31306666333766333939643339336466656430623434343237376562346534666631643435666534
33646232323730373336313133633337653366393537633431323439316335333061306435656433
61663963396237386439623165633336316263376630306639303739323438316265656139316139
3737